400.284	12.24	
400.649	13.13	
401.014	12.32	
401.379	13.59	
401.743	13.28	
402.108	12.26	
402.473	12.32	
402.837	15.55	
403.202	13.36	
403.566	12.94	
403.931	12.35	
404.296	13.45	
404.66	11.58	
405.024	12	
405.389	11.74	
405.753	10.7	
406.118	10.21	
406.482	8.9	
406.846	8.9	
407.21	8.85	
407.575	8.72	
407.939	7.14	
408.303	8.13	
408.667	6.55	
409.031	6.79	
409.395	5.82	
409.759	6.05	
410.123	5.88	
410.487	6.09	
410.851	5.17	
411.215	6.16	
411.579	5.73	
411.943	5.02	
412.307	5.09	
412.671	6.06	
413.035	6.35	
413.398	6.74	
413.762	6.95	
414.126	8.06	
414.489	7.92	
414.853	8.38	
415.217	9.52	
415.58	9.12	
415.944	9.33	
416.307	10.15	
416.671	10.84	
417.034	11.37	
417.397	11.84	
417.761	11.91	
418.124	12.46	
418.488	13.23	
418.851	14.08	
419.214	13.46	
419.577	13.86	
419.941	13.29	
420.304	14.31	
420.667	14.46	
421.03	14.2	
421.393	14.04	
421.756	14.09	
422.119	14.15	
422.482	13.53	
422.845	12.95	
423.208	13.68	
423.571	13.33	
423.934	12.11	
424.297	11.4	
424.659	11.06	
425.022	10.63	
425.385	10.68	
425.748	9.64	
426.11	9.87	
426.473	9.16	
426.836	8.87	
427.198	7.64	
427.561	7.41	
427.923	7.1	
428.286	6.43	
428.648	5.96	
429.011	5.57	
429.373	5.23	
429.735	5.22	
430.098	5.14	
430.46	5.35	
430.822	4.74	
431.185	4.73	
431.547	4.45	
431.909	5.14	
432.271	5.63	
432.633	5.4	
432.995	5.87	
433.357	6.15	
433.719	6.76	
434.081	7.25	
434.443	7.94	
434.805	8.53	
435.167	9.07	
435.529	9.52	
435.891	10.57	
436.253	11.24	
436.615	11.54	
436.976	12.53	
437.338	12.87	
437.7	13.72	
438.061	14.11	
438.423	14.82	
438.785	15.21	
439.146	15.61	
439.508	16.18	
439.869	16.32	
440.231	17.13	
440.592	17.26	
440.954	17.9	
441.315	17.71	
441.676	18.43	
442.038	17.98	
442.399	17.87	
442.76	18.01	
443.121	17.89	
443.482	17.99	
443.844	17.7	
444.205	17.4	
444.566	17.06	
444.927	16.82	
445.288	16.4	
445.649	15.99	
446.01	15.11	
446.371	14.74	
446.732	14.7	
447.093	13.93	
447.453	13.65	
447.814	12.82	
448.175	12.38	
448.536	11.47	
448.897	11.06	
449.257	10.51	
449.618	9.79	
449.979	9.46	
450.339	8.35	
450.7	8.06	
451.06	7.69	
451.421	7.34	
451.781	6.89	
452.142	6.54	
452.502	6.4	
452.862	6.41	
453.223	6.51	
453.583	6.55	
453.943	7.08	
454.303	7.36	
454.664	7.21	
455.024	8.14	
455.384	8.44	
455.744	9.24	
456.104	10	
456.464	10.63	
456.824	11.31	
457.184	12.11	
457.544	13.2	
457.904	14.1	
458.264	15.11	
458.624	15.66	
458.984	16.62	
459.344	17.82	
459.703	18.65	
460.063	19.38	
460.423	20.46	
460.782	21.38	
461.142	21.66	
461.502	22.96	
461.861	23.59	
462.221	24.16	
462.58	24.93	
462.94	25.29	
463.299	26.2	
463.659	26.28	
464.018	26.89	
464.377	27.21	
464.737	27.39	
465.096	27.54	
465.455	27.64	
465.814	27.59	
466.174	27.89	
466.533	27.35	
466.892	27.48	
467.251	27.35	
467.61	26.92	
467.969	26.66	
468.328	26.37	
468.687	26.02	
469.046	25.48	
469.405	24.88	
469.764	24.11	
470.122	23.54	
470.481	22.58	
470.84	21.85	
471.199	20.9	
471.557	20.03	
471.916	19.21	
472.275	18.18	
472.633	17.28	
472.992	16.42	
473.35	15.43	
473.709	14.31	
474.067	13.42	
474.426	12.67	
474.784	11.98	
475.143	11.07	
475.501	10.67	
475.859	9.87	
476.218	9.53	
476.576	9.37	
476.934	9.12	
477.292	9.4	
477.65	9.62	
478.008	9.9	
478.367	10.56	
478.725	11.19	
479.083	11.97	
479.441	12.98	
479.799	14.13	
480.156	15.52	
480.514	16.8	
480.872	18.28	
481.23	19.85	
481.588	21.36	
481.946	22.92	
482.303	24.5	
482.661	25.87	
483.019	27.36	
483.376	29.06	
483.734	30.33	
484.091	31.84	
484.449	33.13	
484.806	34.41	
485.164	35.83	
485.521	36.96	
485.879	38.1	
486.236	39.04	
486.593	39.84	
486.951	40.82	
487.308	41.46	
487.665	42.29	
488.022	43	
488.38	43.5	
488.737	44.29	
489.094	44.33	
489.451	44.79	
489.808	44.84	
490.165	45.14	
490.522	45.14	
490.879	45.07	
491.236	44.56	
491.592	44.86	
491.949	44.32	
492.306	44.22	
492.663	43.59	
493.02	43	
493.376	42.47	
493.733	41.42	
494.09	40.78	
494.446	39.9	
494.803	38.76	
495.159	37.56	
495.516	36.8	
495.872	35.24	
496.229	34.08	
496.585	32.98	
496.941	31.99	
497.298	31.37	
497.654	30.39	
498.01	29.98	
498.367	29.87	
498.723	30.2	
499.079	30.69	
499.435	31.82	
499.791	33.14	
500.147	34.8	
500.503	36.94	
500.859	39.38	
501.215	41.53	
501.571	44.02	
501.927	46.72	
502.283	49.26	
502.639	51.85	
502.995	54.31	
503.35	56.37	
503.706	58.36	
504.062	60.36	
504.417	62.38	
504.773	64.44	
505.129	65.97	
505.484	67.21	
505.84	68.35	
506.195	69.73	
506.551	70.6	
506.906	71.44	
507.261	72.31	
507.617	73.3	
507.972	74.02	
508.327	74.28	
508.683	74.87	
509.038	75.23	
509.393	75.87	
509.748	76.52	
510.103	76.88	
510.458	77.23	
510.814	77.53	
511.169	77.69	
511.524	78.22	
511.878	78.4	
512.233	78.78	
512.588	78.95	
512.943	79.58	
513.298	79.64	
513.653	79.92	
514.007	80.16	
514.362	79.82	
514.717	80.12	
515.072	80.15	
515.426	80.52	
515.781	80.51	
516.135	80.79	
516.49	80.53	
516.844	81.07	
517.199	80.98	
517.553	81.17	
517.907	81.29	
518.262	81.45	
518.616	81.4	
518.97	81.65	
519.325	81.72	
519.679	81.78	
520.033	82.33	
520.387	82.05	
520.741	82.17	
521.095	82.11	
521.449	82.37	
521.803	82.12	
522.157	82.25	
522.511	82.29	
522.865	82.33	
523.219	82.58	
523.573	82.57	
523.927	82.15	
524.28	82.64	
524.634	82.95	
524.988	82.3	
525.341	82.8	
525.695	82.88	
526.049	82.91	
526.402	82.78	
526.756	83	
527.109	82.82	
527.463	83.19	
527.816	83.13	
528.169	82.89	
528.523	83.39	
528.876	83.57	
529.229	83.04	
529.583	83.45	
529.936	83.68	
530.289	83.35	
530.642	83.77	
530.995	83.67	
531.348	83.68	
531.701	83.55	
532.054	83.58	
532.407	83.34	
532.76	83.85	
533.113	83.55	
533.466	83.64	
533.819	83.86	
534.171	83.97	
534.524	84.2	
534.877	83.6	
535.23	83.93	
535.582	84.04	
535.935	83.82	
536.287	83.88	
536.64	83.75	
536.993	84.36	
537.345	84.34	
537.697	83.99	
538.05	84.07	
538.402	83.94	
538.755	84.15	
539.107	83.99	
539.459	84.18	
539.811	84.16	
540.164	84.02	
540.516	84.27	
540.868	84.39	
541.22	84.31	
541.572	84.68	
541.924	84.55	
542.276	84.21	
542.628	84.34	
542.98	84.49	
543.332	84.16	
543.684	84.07	
544.035	84.54	
544.387	84.4	
544.739	84.33	
545.091	84.34	
545.442	84.39	
545.794	84.47	
546.145	84.47	
546.497	84.4	
546.849	84.39	
547.2	84.6	
547.552	84.46	
547.903	84.57	
548.254	84.25	
548.606	84.38	
548.957	84.58	
549.308	84.54	
549.66	84.42	
550.011	84.68	
550.362	84.65	
550.713	84.74	
551.064	84.74	
551.415	84.53	
551.766	84.59	
552.117	84.44	
552.468	84.64	
552.819	84.39	
553.17	84.78	
553.521	84.27	
553.872	84.53	
554.223	84.8	
554.573	84.51	
554.924	84.63	
555.275	84.65	
555.625	84.6	
555.976	84.34	
556.326	84.51	
556.677	84.39	
557.028	84.65	
557.378	84.37	
557.728	84.54	
558.079	84.7	
558.429	84.64	
558.779	84.68	
559.13	84.7	
559.48	84.6	
559.83	84.57	
560.18	84.64	
560.531	84.23	
560.881	84.53	
561.231	84.33	
561.581	84.45	
561.931	84.42	
562.281	84.32	
562.631	84.39	
562.981	84.32	
563.33	84.72	
563.68	84.73	
564.03	84.62	
564.38	84.54	
564.729	84.65	
565.079	84.57	
565.429	84.44	
565.778	84.33	
566.128	84.4	
566.478	84.58	
566.827	84.91	
567.176	84.59	
567.526	84.78	
567.875	84.9	
568.225	84.57	
568.574	84.63	
568.923	84.63	
569.272	84.35	
569.622	84.56	
569.971	84.54	
570.32	84.81	
570.669	84.87	
571.018	84.73	
571.367	84.67	
571.716	84.69	
572.065	84.58	
572.414	84.53	
572.763	84.55	
573.112	84.52	
573.461	84.81	
573.809	84.44	
574.158	84.52	
574.507	84.71	
574.855	84.61	
575.204	84.44	
575.553	84.46	
575.901	84.54	
576.25	84.24	
576.598	84.5	
576.947	84.36	
577.295	84.63	
577.644	84.19	
577.992	84.5	
578.34	84.66	
578.688	84.63	
579.037	84.64	
579.385	84.47	
579.733	84.58	
580.081	84.62	
580.429	84.71	
580.777	84.68	
581.125	84.39	
581.473	84.28	
581.821	84.52	
582.169	84.64	
582.517	84.46	
582.865	84.17	
583.213	84.25	
583.56	84.16	
583.908	84.45	
584.256	84.41	
584.603	84.38	
584.951	84.15	
585.299	84.1	
585.646	84.35	
585.994	84.22	
586.341	84.05	
586.688	84	
587.036	83.94	
587.383	84.01	
587.731	84.06	
588.078	84.02	
588.425	84.11	
588.772	84.18	
589.119	84.13	
589.467	83.91	
589.814	84.1	
590.161	83.75	
590.508	83.87	
590.855	84.07	
591.202	83.86	
591.549	83.82	
591.895	83.65	
592.242	83.66	
592.589	83.82	
592.936	83.72	
593.283	83.7	
593.629	83.63	
593.976	83.66	
594.322	83.86	
594.669	83.69	
595.016	83.62	
595.362	83.75	
595.709	83.79	
596.055	83.5	
596.401	83.37	
596.748	83.29	
597.094	83.46	
597.44	83.34	
597.787	83.58	
598.133	83.24	
598.479	83.32	
598.825	83.47	
599.171	83.04	
599.517	83.15	
599.863	83.15	
600.209	83.03	
600.555	82.78	
600.901	82.79	
601.247	83.07	
601.593	83	
601.939	82.99	
602.284	82.57	
602.63	82.91	
602.976	82.99	
603.321	82.69	
603.667	82.58	
604.013	82.55	
604.358	82.49	
604.704	82.16	
605.049	82.28	
605.394	82.19	
605.74	82.35	
606.085	82.3	
606.431	82.26	
606.776	82.23	
607.121	82.08	
607.466	82.28	
607.811	82.14	
608.156	82.25	
608.502	81.86	
608.847	81.9	
609.192	81.62	
609.537	81.48	
609.882	81.48	
610.226	81.67	
610.571	81.57	
610.916	81.76	
611.261	81.17	
611.606	81.23	
611.95	81.15	
612.295	80.94	
612.64	81.15	
612.984	80.94	
613.329	80.74	
613.673	80.59	
614.018	80.68	
614.362	80.72	
614.707	80.57	
615.051	80.08	
615.395	80.34	
615.74	80.15	
616.084	80.26	
616.428	79.9	
616.772	79.81	
617.116	79.72	
617.46	79.72	
617.805	79.6	
618.149	79.35	
618.493	79.54	
618.837	79.39	
619.18	79.55	
619.524	79.23	
619.868	79.3	
620.212	79	
620.556	78.97	
620.899	78.94	
621.243	78.7	
621.587	78.61	
621.93	78.2	
622.274	78.38	
622.617	78.29	
622.961	78.35	
623.304	78.02	
623.648	77.73	
623.991	77.8	
624.335	77.42	
624.678	77.82	
625.021	77.71	
625.364	77.36	
625.707	77.54	
626.051	77	
626.394	76.83	
626.737	76.62	
627.08	76.69	
627.423	76.65	
627.766	76.24	
628.109	76.23	
628.452	76.06	
628.794	75.64	
629.137	75.88	
629.48	75.83	
629.823	75.48	
630.165	75.21	
630.508	75.28	
630.851	75.18	
631.193	74.78	
631.536	74.72	
631.878	74.36	
632.221	74	
632.563	74.17	
632.906	73.82	
633.248	73.68	
633.59	73.66	
633.932	73.36	
634.275	73	
634.617	73	
634.959	72.97	
635.301	72.51	
635.643	72.24	
635.985	72.12	
636.327	72.12	
636.669	71.55	
637.011	71.23	
637.353	70.97	
637.695	71.24	
638.037	70.86	
638.378	70.54	
638.72	70.38	
639.062	70.07	
639.403	69.9	
639.745	69.72	
640.087	69.63	
640.428	69.27	
640.77	68.86	
641.111	68.71	
641.453	68.26	
641.794	67.86	
642.135	67.79	
642.477	67.41	
642.818	67.29	
643.159	66.8	
643.5	66.66	
643.841	66.4	
644.182	66.02	
644.523	65.65	
644.864	65.48	
645.205	65.03	
645.546	64.68	
645.887	64.06	
646.228	64.02	
646.569	63.62	
646.91	63.19	
647.251	63.03	
647.591	62.71	
647.932	62.39	
648.273	61.68	
648.613	61.55	
648.954	61.23	
649.294	60.78	
649.635	60.57	
649.975	60.25	
650.316	59.81	
650.656	59.27	
650.996	58.93	
651.337	58.47	
651.677	57.94	
652.017	57.46	
652.357	56.99	
652.697	56.45	
653.037	56	
653.377	55.75	
653.717	55.3	
654.057	54.67	
654.397	54.24	
654.737	53.76	
655.077	53.22	
655.417	52.93	
655.757	52.35	
656.096	51.91	
656.436	51.18	
656.776	50.79	
657.115	50.2	
657.455	49.85	
657.794	49.28	
658.134	48.77	
658.473	48.07	
658.813	47.47	
659.152	46.91	
659.491	46.53	
659.831	45.88	
660.17	45.38	
660.509	44.58	
660.848	43.96	
661.188	43.58	
661.527	42.9	
661.866	42.13	
662.205	41.67	
662.544	41.22	
662.883	40.57	
663.222	39.99	
663.56	39.43	
663.899	38.85	
664.238	38.12	
664.577	37.35	
664.915	36.94	
665.254	36.37	
665.593	35.71	
665.931	35.16	
666.27	34.66	
666.608	33.82	
666.947	33.38	
667.285	32.74	
667.624	32.09	
667.962	31.59	
668.3	30.84	
668.638	30.4	
668.977	29.97	
669.315	29.28	
669.653	28.72	
669.991	28.23	
670.329	27.73	
670.667	27.12	
671.005	26.58	
671.343	25.98	
671.681	25.37	
672.019	24.76	
672.357	24.45	
672.694	23.97	
673.032	23.49	
673.37	22.95	
673.708	22.56	
674.045	21.98	
674.383	21.52	
674.72	20.97	
675.058	20.74	
675.395	20.06	
675.733	19.78	
676.07	19.24	
676.407	18.92	
676.745	18.65	
677.082	18.22	
677.419	17.73	
677.756	17.39	
678.094	17.1	
678.431	16.72	
678.768	16.43	
679.105	16.23	
679.442	15.95	
679.779	15.62	
680.116	15.36	
680.452	15.12	
680.789	14.86	
681.126	14.58	
681.463	14.4	
681.799	14.22	
682.136	13.95	
682.473	13.73	
682.809	13.65	
683.146	13.51	
683.482	13.38	
683.819	13.16	
684.155	13.14	
684.491	12.99	
684.828	12.72	
685.164	12.67	
685.5	12.66	
685.837	12.6	
686.173	12.37	
686.509	12.31	
686.845	12.27	
687.181	12.16	
687.517	12.36	
687.853	12.14	
688.189	12.07	
688.525	12.1	
688.861	12.14	
689.196	11.96	
689.532	12.04	
689.868	12.04	
690.204	12	
690.539	12.02	
690.875	11.98	
691.21	11.9	
691.546	11.94	
691.881	11.9	
692.217	12.08	
692.552	12.1	
692.888	12.04	
693.223	12.14	
693.558	11.92	
693.893	12.08	
694.229	12.21	
694.564	12.09	
694.899	12.16	
695.234	12.19	
695.569	12.07	
695.904	12.26	
696.239	12.28	
696.574	12.21	
696.909	12.14	
697.243	12.23	
697.578	12.23	
697.913	12.26	
698.248	12.18	
698.582	12.23	
698.917	12.33	
699.251	12.31	
699.586	12.25	
699.92	12.4	
700.255	12.32	
700.589	12.31	
700.924	12.32	
701.258	12.29	
701.592	12.23	
701.927	12.22	
702.261	12.14	
702.595	12.08	
702.929	12.09	
703.263	12.12	
703.597	12.06	
703.931	11.96	
704.265	11.88	
704.599	11.86	
704.933	11.78	
705.267	11.77	
705.6	11.72	
705.934	11.56	
706.268	11.64	
706.602	11.56	
706.935	11.46	
707.269	11.52	
707.602	11.38	
707.936	11.36	
708.269	11.32	
708.603	11.22	
708.936	11.22	
709.269	11.01	
709.603	11.02	
709.936	10.9	
710.269	10.76	
710.602	10.68	
710.935	10.62	
711.269	10.66	
711.602	10.42	
711.935	10.34	
712.268	10.21	
712.6	10.23	
712.933	10.01	
713.266	9.87	
713.599	9.77	
713.932	9.77	
714.264	9.61	
714.597	9.47	
714.93	9.38	
715.262	9.31	
715.595	9.14	
715.927	9.11	
716.26	9.04	
716.592	8.92	
716.925	8.75	
717.257	8.6	
717.589	8.58	
717.921	8.28	
718.254	8.29	
718.586	8.16	
718.918	8.02	
719.25	7.92	
719.582	7.76	
719.914	7.63	
720.246	7.53	
720.578	7.49	
720.91	7.39	
721.242	7.22	
721.573	7.1	
721.905	6.92	
722.237	6.86	
722.569	6.72	
722.9	6.69	
723.232	6.52	
723.563	6.43	
723.895	6.23	
724.226	6.09	
724.558	6.08	
724.889	6.03	
725.22	5.9	
725.552	5.85	
725.883	5.7	
726.214	5.53	
726.545	5.48	
726.876	5.35	
727.207	5.31	
727.538	5.16	
727.869	5.04	
728.2	4.92	
728.531	4.83	
728.862	4.72	
729.193	4.68	
729.524	4.63	
729.854	4.49	
730.185	4.51	
730.516	4.36	
730.846	4.27	
731.177	4.22	
731.507	4.11	
731.838	4.03	
732.168	3.99	
732.499	3.86	
732.829	3.84	
733.159	3.75	
733.49	3.64	
733.82	3.56	
734.15	3.55	
734.48	3.42	
734.81	3.34	
735.14	3.35	
735.47	3.29	
735.8	3.22	
736.13	3.17	
736.46	3.17	
736.79	3.11	
737.12	2.99	
737.45	2.96	
737.779	2.93	
738.109	2.97	
738.439	2.92	
738.768	2.85	
739.098	2.8	
739.427	2.71	
739.757	2.77	
740.086	2.64	
740.415	2.75	
740.745	2.59	
741.074	2.55	
741.403	2.54	
741.732	2.46	
742.062	2.45	
742.391	2.5	
742.72	2.54	
743.049	2.43	
743.378	2.51	
743.707	2.49	
744.036	2.45	
744.364	2.44	
744.693	2.36	
745.022	2.33	
745.351	2.44	
745.679	2.29	
746.008	2.44	
746.337	2.36	
746.665	2.31	
746.994	2.42	
747.322	2.35	
747.651	2.33	
747.979	2.36	
748.307	2.31	
748.636	2.35	
748.964	2.36	
749.292	2.4	
749.62	2.37	
749.948	2.32	
750.277	2.41	
750.605	2.37	
750.933	2.46	
751.261	2.41	
751.588	2.46	
751.916	2.41	
752.244	2.44	
752.572	2.46	
752.9	2.45	
753.227	2.4	
753.555	2.56	
753.883	2.53	
754.21	2.56	
754.538	2.61	
754.865	2.53	
755.193	2.53	
755.52	2.59	
755.847	2.59	
756.175	2.63	
756.502	2.74	
756.829	2.58	
757.156	2.79	
757.483	2.75	
757.81	2.65	
758.137	2.71	
758.464	2.71	
758.791	2.74	
759.118	2.81	
759.445	2.77	
759.772	2.96	
760.099	2.91	
760.426	2.93	
760.752	2.97	
761.079	2.83	
761.405	2.97	
761.732	2.95	
762.059	3.03	
762.385	3.07	
762.711	3.13	
763.038	3.17	
763.364	3.21	
763.69	3.18	
764.017	3.33	
764.343	3.31	
764.669	3.36	
764.995	3.44	
765.321	3.29	
765.647	3.26	
765.973	3.31	
766.299	3.48	
766.625	3.43	
766.951	3.42	
767.277	3.52	
767.603	3.37	
767.928	3.51	
768.254	3.54	
768.58	3.54	
768.905	3.51	
769.231	3.49	
769.556	3.59	
769.882	3.5	
770.207	3.68	
770.533	3.71	
770.858	3.63	
771.183	3.65	
771.509	3.72	
771.834	3.87	
772.159	3.65	
772.484	3.73	
772.809	3.71	
773.134	3.85	
773.459	3.66	
773.784	3.83	
774.109	3.7	
774.434	3.82	
774.759	3.84	
775.083	3.9	
775.408	3.74	
775.733	3.88	
776.057	3.93	
776.382	4.04	
776.706	3.9	
777.031	4.07	
777.355	4.17	
777.68	4.11	
778.004	4.04	
778.328	3.9	
778.653	4.11	
778.977	3.99	
779.301	4.04	
779.625	4.02	
779.949	3.85	
780.273	4.06	
780.597	4.04	
780.921	4.07	
781.245	4.07	
781.569	4.03	
781.893	4.14	
782.217	4.09	
782.541	4.23	
782.864	4.09	
783.188	4.1	
783.512	3.98	
783.835	4.16	
784.159	4.22	
784.482	4.14	
784.805	4.31	
785.129	4.27	
785.452	4.29	
785.776	4.11	
786.099	4.12	
786.422	4.17	
786.745	4.21	
787.068	4.17	
787.391	4.18	
787.714	4.03	
788.037	4.23	
788.36	4.05	
788.683	4.21	
789.006	4.14	
789.329	4.1	
789.652	4.02	
789.974	3.99	
790.297	4.2	
790.62	4.11	
790.942	4.2	
791.265	3.88	
791.587	4.09	
791.91	3.93	
792.232	3.85	
792.554	3.9	
792.877	4.08	
793.199	3.83	
793.521	3.87	
793.843	3.97	
794.165	3.8	
794.488	3.87	
794.81	3.98	
795.132	3.74	
795.454	4.06	
795.775	3.79	
796.097	3.79	
796.419	3.7	
796.741	3.77	
797.063	3.82	
797.384	3.8	
797.706	3.74	
798.028	3.92	
798.349	3.7	
798.671	3.77	
798.992	3.72	
799.313	3.73	
799.635	3.64	
799.956	3.75	
800.277	3.55	
800.599	3.65	
800.92	3.66	
801.241	3.68	
801.562	3.57	
801.883	3.69	
802.204	3.58	
802.525	3.57	
802.846	3.47	
803.167	3.41	
803.488	3.57	
803.808	3.41	
804.129	3.47	
804.45	3.34	
804.77	3.38	
805.091	3.44	
805.412	3.27	
805.732	3.46	
806.053	3.42	
806.373	3.45	
806.693	3.34	
807.014	3.26	
807.334	3.49	
807.654	3.22	
807.974	3.18	
808.294	3.21	
808.615	3.23	
808.935	3.17	
809.255	3.17	
809.575	3.19	
809.894	3.21	
810.214	3.08	
810.534	3.1	
810.854	3.18	
811.174	2.91	
811.493	2.96	
811.813	2.92	
812.133	2.99	
812.452	2.96	
812.772	2.96	
813.091	2.94	
813.41	2.96	
813.73	2.96	
814.049	2.83	
814.368	3.02	
814.688	2.91	
815.007	2.81	
815.326	2.74	
815.645	2.77	
815.964	2.6	
816.283	2.8	
816.602	2.68	
816.921	2.7	
817.24	2.91	
817.559	2.81	
817.877	2.58	
818.196	2.5	
818.515	2.67	
818.833	2.61	
819.152	2.51	
819.47	2.59	
819.789	2.6	
820.107	2.68	
820.426	2.49	
820.744	2.73	
821.062	2.44	
821.381	2.57	
821.699	2.38	
822.017	2.52	
822.335	2.47	
822.653	2.34	
822.971	2.39	
823.289	2.34	
823.607	2.33	
823.925	2.26	
824.243	2.46	
824.561	2.21	
824.879	2.26	
825.196	2.37	
825.514	2.38	
825.832	2.42	
826.149	2.29	
826.467	2.32	
826.784	2.26	
827.101	2.4	
827.419	2.26	
827.736	2.4	
828.053	2.46	
828.371	2.27	
828.688	2.31	
829.005	2.12	
829.322	2.28	
829.639	2.19	
829.956	2.27	
830.273	2.26	
830.59	2.28	
830.907	2.08	
831.224	2.21	
831.541	2.12	
831.857	2.36	
832.174	2.13	
832.491	2.21	
832.807	2.34	
833.124	2.19	
833.44	2.38	
833.757	2.28	
834.073	2.21	
834.389	2.25	
834.706	2.12	
835.022	2.11	
835.338	2.28	
835.654	2.18	
835.971	2.4	
836.287	2.04	
836.603	2.29	
836.919	2.32	
837.235	2.56	
837.55	2.22	
837.866	2.47	
838.182	2.38	
838.498	2.29	
838.814	2.56	
839.129	2.3	
839.445	2.09	
839.76	2.59	
840.076	2.3	
840.391	2.4	
840.707	2.35	
841.022	2.32	
841.338	2.24	
841.653	2.34	
841.968	2.53	
842.283	2.37	
842.598	2.54	
842.913	2.31	
843.229	2.41	
843.544	2.71	
843.858	2.73	
844.173	2.55	
844.488	2.48	
844.803	2.44	
845.118	2.68	
845.433	2.32	
845.747	2.68	
846.062	2.68	
846.376	2.59	
846.691	2.59	
847.005	2.67	
847.32	2.89	
847.634	2.96	
847.949	2.71	
848.263	2.51	
848.577	2.79	
848.891	3.12	
849.205	2.34	
849.52	2.97	
849.834	2.95	
850.148	2.98	
850.462	2.79	
850.775	3.17	
851.089	3.05	
851.403	2.92	
851.717	2.88	
852.031	2.87	
852.344	2.92	
852.658	3.03	
852.972	3.13	
853.285	3.21	
853.599	3.11	
853.912	3.01	
854.225	3.31	
854.539	3.09	
854.852	3.39	
855.165	3.58	
855.478	3.53	
855.792	3.38	
856.105	3.37	
856.418	3.44	
856.731	3.48	
857.044	3.54	
857.357	3.28	
857.67	3.74	
857.982	3.8	
858.295	3.74	
858.608	3.47	
858.921	3.52	
859.233	3.56	
859.546	3.76	
859.858	3.41	
860.171	3.56	
860.483	3.69	
860.796	3.51	
861.108	3.74	
861.42	3.68	
861.733	3.66	
862.045	3.74	
862.357	4.17	
862.669	3.73	
862.981	4.16	
863.293	4.02	
863.605	4.11	
863.917	3.95	
864.229	4.08	
864.541	3.85	
864.852	3.82	
865.164	4.2	
865.476	4.01	
865.787	4.1	
866.099	4.12	
866.411	4.13	
866.722	4.34	
867.033	4.47	
867.345	4.36	
867.656	4.49	
867.967	4.61	
868.279	4.43	
868.59	4.33	
868.901	4.77	
869.212	3.85	
869.523	4.93	
869.834	4.62	
870.145	4.64	
870.456	4.48	
870.767	4.71	
871.078	4.2	
871.388	5.27	
871.699	4.49	
872.01	4.62	
872.32	4.67	
872.631	4.73	
872.942	4.89	
873.252	5.02	
873.562	4.92	
873.873	4.66	
874.183	4.93	
874.493	4.73	
874.804	4.89	
875.114	5.18	
875.424	5.07	
875.734	4.55	
876.044	4.99	
876.354	4.99	
876.664	5.27	
876.974	5.13	
877.284	4.88	
877.594	4.63	
877.903	5.01	
878.213	5.56	
878.523	5.19	
878.832	5.13	
879.142	5.07	
879.451	5.36	
879.761	5.45	
880.07	5.09	
880.379	5.21	
880.689	5.4	
880.998	5.09	
881.307	5.2	
881.616	5.73	
881.926	5.02	
882.235	5.12	
882.544	5.8	
882.853	5.38	
883.162	5.53	
883.47	5.4	
883.779	5.57	
884.088	5.54	
884.397	5.37	
884.705	5.33	
885.014	5.03	
885.323	5.45	
885.631	5.39	
885.94	6.18	
886.248	4.79	
886.556	5.3	
886.865	5.86	
887.173	5.59	
887.481	5.63	
887.789	5.85	
888.098	5.81	
888.406	5.7	
888.714	5.72	
889.022	5.82	
889.33	5.45	
889.638	4.89	
889.945	5.83	
890.253	5.39	
890.561	5.03	
890.869	6.08	
891.176	5.82	
891.484	5.45	
891.791	5.47	
892.099	6.27	
892.406	5.27	
892.714	5.59	
893.021	5.71	
893.328	5.98	
893.636	6.05	
893.943	5.64	
894.25	6.08	
894.557	5.56	
894.864	5.81	
895.171	6.05	
895.478	6.05	
895.785	5.83	
896.092	5.51	
896.399	5.64	
896.705	5.61	
897.012	5.98	
897.319	5.16	
897.625	5.58	
897.932	6.22	
898.239	5.83	
898.545	5.21	
898.851	5.66	
899.158	5.93	
899.464	6.02	
899.77	5.73	
900.077	5.63	